1
0 146 108 1 0 0
0 210 108 1 0 0
0 274 108 1 0 0
0 338 108 1 0 0
0 402 108 1 0 0
0 466 108 1 0 0
0 530 108 1 0 0
0 594 108 1 0 0
0 146 172 1 0 0
0 210 172 1 0 0
0 274 172 1 0 0
0 338 172 1 0 0
0 402 172 1 0 0
0 466 172 1 0 0
0 530 172 1 0 0
0 594 172 1 0 0
0 146 236 1 0 0
0 210 236 1 0 0
0 274 236 1 0 0
0 338 236 1 0 0
0 402 236 1 0 0
0 466 236 1 0 0
0 530 236 1 0 0
0 594 236 1 0 0
1 146 292 1 4 0
1 210 292 1 4 0
1 274 292 1 4 0
1 338 292 1 4 0
1 402 292 1 4 0
1 466 292 1 4 0
1 528 292 1 4 0
1 592 292 1 4 0
1 624 292 1 4 0
1 624 228 1 4 0
1 624 164 1 4 0
1 624 102 1 4 0
1 624 70 1 4 0
1 560 70 1 4 0
1 496 70 1 4 0
1 432 70 1 4 0
1 368 70 1 4 0
1 306 70 1 4 0
1 244 70 1 4 0
1 180 70 1 4 0
1 116 70 1 4 0
1 116 102 1 4 0
1 116 292 1 4 0
1 116 260 1 4 0
1 116 242 1 4 0
1 118 118 1 4 0
0 118 380 2 2 0
0 118 508 2 2 0
0 246 508 2 2 0
0 244 378 2 2 0
0 366 378 2 2 0
0 364 508 2 2 0
1 786 258 7 4 0
